(543, 1538)
(542, 1537)
(541, 1537)
(540, 1536)
(539, 1535)
(538, 1534)
(537, 1533)
(536, 1532)
(535, 1531)
(534, 1530)
(534, 1529)
(533, 1528)
(532, 1527)
(532, 1526)
(531, 1525)
(531, 1524)
(530, 1523)
(530, 1522)
(529, 1521)
(529, 1520)
(529, 1519)
(528, 1518)
(528, 1517)
(528, 1516)
(527, 1515)
(527, 1514)
(527, 1513)
(527, 1512)
(527, 1511)
(526, 1510)
(526, 1509)
(526, 1508)
(526, 1507)
(526, 1506)
(526, 1505)
(526, 1504)
(526, 1503)
(525, 1502)
(525, 1501)
(525, 1500)
(525, 1499)
(525, 1498)
(525, 1497)
(525, 1496)
(526, 1495)
(526, 1494)
(526, 1493)
(526, 1492)
(526, 1491)
(526, 1490)
(526, 1489)
(526, 1488)
(527, 1487)
(527, 1486)
(527, 1485)
(527, 1484)
(528, 1483)
(528, 1482)
(528, 1481)
(528, 1480)
(529, 1479)
(529, 1478)
(530, 1477)
(530, 1476)
(530, 1475)
(531, 1474)
(531, 1473)
(532, 1472)
(532, 1471)
(533, 1470)
(533, 1469)
(534, 1468)
(535, 1467)
(535, 1466)
(536, 1465)
(537, 1464)
(537, 1463)
(538, 1462)
(539, 1461)
(540, 1460)
(541, 1459)
(542, 1458)
(543, 1457)
(544, 1456)
(545, 1455)
(546, 1454)
(547, 1453)
(548, 1452)
(549, 1451)
(550, 1450)
(551, 1449)
(552, 1448)
(553, 1447)
(554, 1446)
(555, 1445)
(556, 1444)
(557, 1444)
(558, 1443)
(559, 1442)
(560, 1441)
(561, 1441)
(562, 1440)
(563, 1439)
(564, 1438)
(565, 1438)
(566, 1437)
(567, 1436)
(568, 1436)
(569, 1435)
(570, 1434)
(571, 1434)
(572, 1433)
(573, 1432)
(574, 1431)
(575, 1431)
(576, 1430)
(577, 1429)
(578, 1429)
(579, 1428)
(580, 1427)
(581, 1427)
(582, 1426)
(583, 1425)
(584, 1425)
(585, 1424)
(586, 1423)
(587, 1423)
(588, 1422)
(589, 1421)
(590, 1420)
(591, 1419)
(592, 1418)
(593, 1417)
(594, 1416)
(595, 1415)
(595, 1414)
(596, 1413)
(596, 1412)
(597, 1411)
(598, 1410)
(598, 1409)
(599, 1408)
(599, 1407)
(600, 1406)
(600, 1405)
(601, 1404)
(601, 1403)
(602, 1402)
(602, 1401)
(603, 1400)
(603, 1399)
(604, 1398)
(604, 1397)
(605, 1396)
(606, 1395)
(607, 1394)
(608, 1393)
(609, 1392)
(610, 1392)
(611, 1392)
(612, 1392)
(613, 1392)
(614, 1392)
(615, 1393)
(616, 1393)
(617, 1393)
(618, 1393)
(619, 1392)
(620, 1391)
(620, 1390)
(621, 1389)
(622, 1388)
(622, 1387)
(623, 1386)
(624, 1385)
(625, 1384)
(625, 1383)
(625, 1382)
(625, 1381)
(625, 1380)
(626, 1379)
(626, 1378)
(626, 1377)
(626, 1376)
(626, 1375)
(627, 1374)
(628, 1373)
(629, 1372)
(630, 1372)
(631, 1372)
(632, 1372)
(633, 1372)
(634, 1373)
(635, 1373)
(636, 1373)
(637, 1373)
(638, 1374)
(639, 1374)
